non-fluents nf_racecar_3c {
	domain = racecar;
	objects {
		b : {b1, b2, b3, b4, b5, b6, b7, b8, b9, b10, b11, b12, b13, b14, b15, b16};
	};
	non-fluents {
		X1(b1) = 0.0;
		Y1(b1) = 0.0;
		X2(b1) = 1.5;
		Y2(b1) = 0.0;
		X1(b2) = 1.5;
		Y1(b2) = 0.0;
		X2(b2) = 1.5;
		Y2(b2) = 1.5;
		X1(b3) = 1.5;
		Y1(b3) = 1.5;
		X2(b3) = 0.0;
		Y2(b3) = 1.5;
		X1(b4) = 0.0;
		Y1(b4) = 1.5;
		X2(b4) = 0.0;
		Y2(b4) = 0.0;
		X1(b5) = 0.3113086728620031;
		Y1(b5) = 0.40924932592967544;
		X2(b5) = 0.6942828653298485;
		Y2(b5) = 0.40924932592967544;
		X1(b6) = 0.6942828653298485;
		Y1(b6) = 0.40924932592967544;
		X2(b6) = 0.6942828653298485;
		Y2(b6) = 0.5307881420810516;
		X1(b7) = 0.6942828653298485;
		Y1(b7) = 0.5307881420810516;
		X2(b7) = 0.3113086728620031;
		Y2(b7) = 0.5307881420810516;
		X1(b8) = 0.3113086728620031;
		Y1(b8) = 0.5307881420810516;
		X2(b8) = 0.3113086728620031;
		Y2(b8) = 0.40924932592967544;
		X1(b9) = 0.7549713525762438;
		Y1(b9) = 0.6114898361468523;
		X2(b9) = 1.1228121029644291;
		Y2(b9) = 0.6114898361468523;
		X1(b10) = 1.1228121029644291;
		Y1(b10) = 0.6114898361468523;
		X2(b10) = 1.1228121029644291;
		Y2(b10) = 1.0755631230639544;
		X1(b11) = 1.1228121029644291;
		Y1(b11) = 1.0755631230639544;
		X2(b11) = 0.7549713525762438;
		Y2(b11) = 1.0755631230639544;
		X1(b12) = 0.7549713525762438;
		Y1(b12) = 1.0755631230639544;
		X2(b12) = 0.7549713525762438;
		Y2(b12) = 0.6114898361468523;
		X1(b13) = 0.26349812812593854;
		Y1(b13) = 1.0126830103907092;
		X2(b13) = 0.47334034994486734;
		Y2(b13) = 1.0126830103907092;
		X1(b14) = 0.47334034994486734;
		Y1(b14) = 1.0126830103907092;
		X2(b14) = 0.47334034994486734;
		Y2(b14) = 1.4714206906203708;
		X1(b15) = 0.47334034994486734;
		Y1(b15) = 1.4714206906203708;
		X2(b15) = 0.26349812812593854;
		Y2(b15) = 1.4714206906203708;
		X1(b16) = 0.26349812812593854;
		Y1(b16) = 1.4714206906203708;
		X2(b16) = 0.26349812812593854;
		Y2(b16) = 1.0126830103907092;
		X0 = 0.7648834248695915;
		Y0 = 0.39094373443315106;
		GX = 0.06274932549688281;
		GY = 1.3280859071738338;
		RADIUS = 0.04;
	};
}
instance inst_racecar_3c {
	domain = racecar;
	non-fluents = nf_racecar_3c;
	init-state {
		x = 0.7648834248695915;
		y = 0.39094373443315106;
		vx = 0.0;
		vy = 0.0;
	};
	max-nondef-actions = pos-inf;
	horizon = 200;
	discount = 1.0;
}