non-fluents nf_racecar_4c {
	domain = racecar;
	objects {
		b : {b1, b2, b3, b4, b5, b6, b7, b8, b9, b10, b11, b12, b13, b14, b15, b16, b17, b18, b19, b20};
	};
	non-fluents {
		X1(b1) = 0.0;
		Y1(b1) = 0.0;
		X2(b1) = 1.75;
		Y2(b1) = 0.0;
		X1(b2) = 1.75;
		Y1(b2) = 0.0;
		X2(b2) = 1.75;
		Y2(b2) = 1.75;
		X1(b3) = 1.75;
		Y1(b3) = 1.75;
		X2(b3) = 0.0;
		Y2(b3) = 1.75;
		X1(b4) = 0.0;
		Y1(b4) = 1.75;
		X2(b4) = 0.0;
		Y2(b4) = 0.0;
		X1(b5) = 0.6272601687926198;
		Y1(b5) = 0.7302833968608713;
		X2(b5) = 0.7523382392866634;
		Y2(b5) = 0.7302833968608713;
		X1(b6) = 0.7523382392866634;
		Y1(b6) = 0.7302833968608713;
		X2(b6) = 0.7523382392866634;
		Y2(b6) = 1.0834758475708104;
		X1(b7) = 0.7523382392866634;
		Y1(b7) = 1.0834758475708104;
		X2(b7) = 0.6272601687926198;
		Y2(b7) = 1.0834758475708104;
		X1(b8) = 0.6272601687926198;
		Y1(b8) = 1.0834758475708104;
		X2(b8) = 0.6272601687926198;
		Y2(b8) = 0.7302833968608713;
		X1(b9) = 0.9585023526422314;
		Y1(b9) = 0.8305284150623063;
		X2(b9) = 1.5375783051111518;
		Y2(b9) = 0.8305284150623063;
		X1(b10) = 1.5375783051111518;
		Y1(b10) = 0.8305284150623063;
		X2(b10) = 1.5375783051111518;
		Y2(b10) = 1.3128096030291212;
		X1(b11) = 1.5375783051111518;
		Y1(b11) = 1.3128096030291212;
		X2(b11) = 0.9585023526422314;
		Y2(b11) = 1.3128096030291212;
		X1(b12) = 0.9585023526422314;
		Y1(b12) = 1.3128096030291212;
		X2(b12) = 0.9585023526422314;
		Y2(b12) = 0.8305284150623063;
		X1(b13) = 1.3249094125362981;
		Y1(b13) = 0.38907183897444203;
		X2(b13) = 1.5313421200435222;
		Y2(b13) = 0.38907183897444203;
		X1(b14) = 1.5313421200435222;
		Y1(b14) = 0.38907183897444203;
		X2(b14) = 1.5313421200435222;
		Y2(b14) = 0.7015685433329422;
		X1(b15) = 1.5313421200435222;
		Y1(b15) = 0.7015685433329422;
		X2(b15) = 1.3249094125362981;
		Y2(b15) = 0.7015685433329422;
		X1(b16) = 1.3249094125362981;
		Y1(b16) = 0.7015685433329422;
		X2(b16) = 1.3249094125362981;
		Y2(b16) = 0.38907183897444203;
		X1(b17) = 0.07032206731512414;
		Y1(b17) = 0.7231173564352315;
		X2(b17) = 0.39139982682378593;
		Y2(b17) = 0.7231173564352315;
		X1(b18) = 0.39139982682378593;
		Y1(b18) = 0.7231173564352315;
		X2(b18) = 0.39139982682378593;
		Y2(b18) = 1.301586101611365;
		X1(b19) = 0.39139982682378593;
		Y1(b19) = 1.301586101611365;
		X2(b19) = 0.07032206731512414;
		Y2(b19) = 1.301586101611365;
		X1(b20) = 0.07032206731512414;
		Y1(b20) = 1.301586101611365;
		X2(b20) = 0.07032206731512414;
		Y2(b20) = 0.7231173564352315;
		X0 = 0.48882913550623636;
		Y0 = 1.3722433380212067;
		GX = 1.441754440223981;
		GY = 0.3453313781820341;
		RADIUS = 0.03;
	};
}
instance inst_racecar_4c {
	domain = racecar;
	non-fluents = nf_racecar_4c;
	init-state {
		x = 0.48882913550623636;
		y = 1.3722433380212067;
		vx = 0.0;
		vy = 0.0;
	};
	max-nondef-actions = pos-inf;
	horizon = 150;
	discount = 1.0;
}