non-fluents nf_racecar_2c {
	domain = racecar;
	objects {
		b : {b1, b2, b3, b4, b5, b6, b7, b8, b9, b10, b11, b12};
	};
	non-fluents {
		X1(b1) = 0.0;
		Y1(b1) = 0.0;
		X2(b1) = 1.25;
		Y2(b1) = 0.0;
		X1(b2) = 1.25;
		Y1(b2) = 0.0;
		X2(b2) = 1.25;
		Y2(b2) = 1.25;
		X1(b3) = 1.25;
		Y1(b3) = 1.25;
		X2(b3) = 0.0;
		Y2(b3) = 1.25;
		X1(b4) = 0.0;
		Y1(b4) = 1.25;
		X2(b4) = 0.0;
		Y2(b4) = 0.0;
		X1(b5) = 0.4060588766699478;
		Y1(b5) = 0.23273082193639386;
		X2(b5) = 0.890335929501383;
		Y2(b5) = 0.23273082193639386;
		X1(b6) = 0.890335929501383;
		Y1(b6) = 0.23273082193639386;
		X2(b6) = 0.890335929501383;
		Y2(b6) = 0.7278796151414407;
		X1(b7) = 0.890335929501383;
		Y1(b7) = 0.7278796151414407;
		X2(b7) = 0.4060588766699478;
		Y2(b7) = 0.7278796151414407;
		X1(b8) = 0.4060588766699478;
		Y1(b8) = 0.7278796151414407;
		X2(b8) = 0.4060588766699478;
		Y2(b8) = 0.23273082193639386;
		X1(b9) = 0.9353122529294;
		Y1(b9) = 0.7371645896168875;
		X2(b9) = 1.0039052195502973;
		Y2(b9) = 0.7371645896168875;
		X1(b10) = 1.0039052195502973;
		Y1(b10) = 0.7371645896168875;
		X2(b10) = 1.0039052195502973;
		Y2(b10) = 1.1772888150264038;
		X1(b11) = 1.0039052195502973;
		Y1(b11) = 1.1772888150264038;
		X2(b11) = 0.9353122529294;
		Y2(b11) = 1.1772888150264038;
		X1(b12) = 0.9353122529294;
		Y1(b12) = 1.1772888150264038;
		X2(b12) = 0.9353122529294;
		Y2(b12) = 0.7371645896168875;
		X0 = 0.3259706355802277;
		Y0 = 0.6728186979319768;
		GX = 1.1671898403549192;
		GY = 1.1073779163117865;
		RADIUS = 0.05;
	};
}
instance inst_racecar_2c {
	domain = racecar;
	non-fluents = nf_racecar_2c;
	init-state {
		x = 0.3259706355802277;
		y = 0.6728186979319768;
		vx = 0.0;
		vy = 0.0;
	};
	max-nondef-actions = pos-inf;
	horizon = 200;
	discount = 1.0;
}