non-fluents nf_racecar_1c {
	domain = racecar;
	objects {
		b : {b1, b2, b3, b4, b5, b6, b7, b8};
	};
	non-fluents {
		X1(b1) = 0.0;
		Y1(b1) = 0.0;
		X2(b1) = 1.0;
		Y2(b1) = 0.0;
		X1(b2) = 1.0;
		Y1(b2) = 0.0;
		X2(b2) = 1.0;
		Y2(b2) = 1.0;
		X1(b3) = 1.0;
		Y1(b3) = 1.0;
		X2(b3) = 0.0;
		Y2(b3) = 1.0;
		X1(b4) = 0.0;
		Y1(b4) = 1.0;
		X2(b4) = 0.0;
		Y2(b4) = 0.0;
		X1(b5) = 0.32266956212533243;
		Y1(b5) = 0.14039401853904634;
		X2(b5) = 0.7321331274614249;
		Y2(b5) = 0.14039401853904634;
		X1(b6) = 0.7321331274614249;
		Y1(b6) = 0.14039401853904634;
		X2(b6) = 0.7321331274614249;
		Y2(b6) = 0.5410666750137951;
		X1(b7) = 0.7321331274614249;
		Y1(b7) = 0.5410666750137951;
		X2(b7) = 0.32266956212533243;
		Y2(b7) = 0.5410666750137951;
		X1(b8) = 0.32266956212533243;
		Y1(b8) = 0.5410666750137951;
		X2(b8) = 0.32266956212533243;
		Y2(b8) = 0.14039401853904634;
		X0 = 0.6906887171530185;
		Y0 = 0.6702977836388863;
		GX = 0.05069415701226147;
		GY = 0.11124758361897985;
		RADIUS = 0.06;
	};
}
instance inst_racecar_1c {
	domain = racecar;
	non-fluents = nf_racecar_1c;
	init-state {
		x = 0.6906887171530185;
		y = 0.6702977836388863;
		vx = 0.0;
		vy = 0.0;
	};
	max-nondef-actions = pos-inf;
	horizon = 200;
	discount = 1.0;
}