non-fluents nf_racecar_5c {
	domain = racecar;
	objects {
		b : {b1, b2, b3, b4, b5, b6, b7, b8, b9, b10, b11, b12, b13, b14, b15, b16, b17, b18, b19, b20, b21, b22, b23, b24};
	};
	non-fluents {
		X1(b1) = 0.0;
		Y1(b1) = 0.0;
		X2(b1) = 2.0;
		Y2(b1) = 0.0;
		X1(b2) = 2.0;
		Y1(b2) = 0.0;
		X2(b2) = 2.0;
		Y2(b2) = 2.0;
		X1(b3) = 2.0;
		Y1(b3) = 2.0;
		X2(b3) = 0.0;
		Y2(b3) = 2.0;
		X1(b4) = 0.0;
		Y1(b4) = 2.0;
		X2(b4) = 0.0;
		Y2(b4) = 0.0;
		X1(b5) = 0.8613133078151683;
		Y1(b5) = 1.4239572026983742;
		X2(b5) = 1.4412516230204897;
		Y2(b5) = 1.4239572026983742;
		X1(b6) = 1.4412516230204897;
		Y1(b6) = 1.4239572026983742;
		X2(b6) = 1.4412516230204897;
		Y2(b6) = 1.8772892338779812;
		X1(b7) = 1.4412516230204897;
		Y1(b7) = 1.8772892338779812;
		X2(b7) = 0.8613133078151683;
		Y2(b7) = 1.8772892338779812;
		X1(b8) = 0.8613133078151683;
		Y1(b8) = 1.8772892338779812;
		X2(b8) = 0.8613133078151683;
		Y2(b8) = 1.4239572026983742;
		X1(b9) = 1.255253635862909;
		Y1(b9) = 0.41670985088440277;
		X2(b9) = 1.7102890220137734;
		Y2(b9) = 0.41670985088440277;
		X1(b10) = 1.7102890220137734;
		Y1(b10) = 0.41670985088440277;
		X2(b10) = 1.7102890220137734;
		Y2(b10) = 0.9357499809028733;
		X1(b11) = 1.7102890220137734;
		Y1(b11) = 0.9357499809028733;
		X2(b11) = 1.255253635862909;
		Y2(b11) = 0.9357499809028733;
		X1(b12) = 1.255253635862909;
		Y1(b12) = 0.9357499809028733;
		X2(b12) = 1.255253635862909;
		Y2(b12) = 0.41670985088440277;
		X1(b13) = 0.07817966796776947;
		Y1(b13) = 1.210312826847786;
		X2(b13) = 0.4539398278229913;
		Y2(b13) = 1.210312826847786;
		X1(b14) = 0.4539398278229913;
		Y1(b14) = 1.210312826847786;
		X2(b14) = 0.4539398278229913;
		Y2(b14) = 1.517345204665546;
		X1(b15) = 0.4539398278229913;
		Y1(b15) = 1.517345204665546;
		X2(b15) = 0.07817966796776947;
		Y2(b15) = 1.517345204665546;
		X1(b16) = 0.07817966796776947;
		Y1(b16) = 1.517345204665546;
		X2(b16) = 0.07817966796776947;
		Y2(b16) = 1.210312826847786;
		X1(b17) = 1.3791640241324898;
		Y1(b17) = 0.15741696305020547;
		X2(b17) = 1.6918579532496383;
		Y2(b17) = 0.15741696305020547;
		X1(b18) = 1.6918579532496383;
		Y1(b18) = 0.15741696305020547;
		X2(b18) = 1.6918579532496383;
		Y2(b18) = 0.3530372871126265;
		X1(b19) = 1.6918579532496383;
		Y1(b19) = 0.3530372871126265;
		X2(b19) = 1.3791640241324898;
		Y2(b19) = 0.3530372871126265;
		X1(b20) = 1.3791640241324898;
		Y1(b20) = 0.3530372871126265;
		X2(b20) = 1.3791640241324898;
		Y2(b20) = 0.15741696305020547;
		X1(b21) = 0.7167646175931035;
		Y1(b21) = 0.7656399649700382;
		X2(b21) = 1.248091392768481;
		Y2(b21) = 0.7656399649700382;
		X1(b22) = 1.248091392768481;
		Y1(b22) = 0.7656399649700382;
		X2(b22) = 1.248091392768481;
		Y2(b22) = 1.34852541126881;
		X1(b23) = 1.248091392768481;
		Y1(b23) = 1.34852541126881;
		X2(b23) = 0.7167646175931035;
		Y2(b23) = 1.34852541126881;
		X1(b24) = 0.7167646175931035;
		Y1(b24) = 1.34852541126881;
		X2(b24) = 0.7167646175931035;
		Y2(b24) = 0.7656399649700382;
		X0 = 0.24008199247137915;
		Y0 = 0.8585478046737469;
		GX = 1.947672783598653;
		GY = 1.4844668783774864;
		RADIUS = 0.02;
	};
}
instance inst_racecar_5c {
	domain = racecar;
	non-fluents = nf_racecar_5c;
	init-state {
		x = 0.24008199247137915;
		y = 0.8585478046737469;
		vx = 0.0;
		vy = 0.0;
	};
	max-nondef-actions = pos-inf;
	horizon = 150;
	discount = 1.0;
}